600
893
829
-963
-269
-460
-651
-412
242
188
622
75
346
-586
-392
657
118
800
-478
434
-219
862
-127
-355
-780
793
-348
-949
57
853
476
620
-289
-107
-467
305
189
514
-575
-401
-235
738
-291
858
-468
382
986
15
489
-235
505
338
-60
854
664
978
-350
-661
154
-730
225
-176
-381
-68
307
-291
859
397
-800
28
365
602
-845
363
-941
-410
-654
967
762
677
-376
391
-657
803
-715
162
732
356
-460
-973
803
-326
860
998
732
-283
493
826
491
579
-16
425
639
910
-224
336
-393
-337
676
302
-665
-759
828
503
348
-903
927
674
-719
-747
567
84
-552
-210
-975
-308
-684
-915
139
498
-433
-766
767
621
109
-464
946
-898
446
-324
-877
355
-203
-975
-210
136
125
-789
874
-172
-257
16
-467
821
-58
177
-23
-744
615
-138
129
79
880
981
-140
210
-275
519
637
-471
-678
-471
-414
-979
-696
-872
-364
-884
952
-317
-99
-73
-647
925
168
-901
238
-840
-254
396
771
-352
211
-299
954
351
-398
-488
-388
-487
-385
-481
-782
-995
-731
-465
716
-956
125
43
-962
969
-984
-193
-119
950
-503
-292
-219
-722
584
-775
-471
-692
602
319
538
-104
729
-552
-427
-509
303
-853
0
244
-194
-628
-33
802
-102
-951
-886
-614
-862
-78
915
259
-712
-39
-52
832
-556
152
73
-839
904
-150
-287
-154
555
915
-923
447
-219
-820
-240
71
79
777
232
923
-418
-64
699
-559
427
325
725
413
534
-316
-224
757
-349
-354
-567
100
-367
-713
-803
-18
-93
8
407
-86
90
-521
474
-543
355
278
-317
-161
354
-831
-59
-962
991
-239
-722
236
800
433
-424
861
-962
29
469
677
837
-729
-238
325
-918
-940
542
-651
-528
-145
471
-770
489
-869
21
159
69
209
600
493
28
-172
-786
-905
-614
-697
764
-258
432
69
612
-685
-211
235
681
894
-164
-809
341
83
-126
-893
212
-585
302
665
-239
-965
-350
798
-129
-107
-203
-3
709
78
-296
950
665
-837
993
999
-109
658
747
345
241
-806
309
-607
558
826
-182
273
-724
-663
-397
506
-768
-273
-142
865
640
823
670
445
128
990
652
-53
-353
-938
154
-243
-350
-997
-307
562
527
-471
-153
-59
567
-843
737
522
498
-8
837
-939
452
-139
-329
368
567
189
-736
-984
-913
-465
40
728
822
-150
-510
497
-556
-659
8
275
316
465
-517
-406
-935
-683
-903
-349
791
453
-139
-364
751
-431
-375
750
-985
739
50
-719
-764
-767
198
-41
681
-531
-889
698
432
-518
-493
-54
934
-880
882
510
716
627
104
-911
701
446
-7
-830
305
-319
589
927
-598
-268
-857
-465
164
959
287
591
975
97
919
779
713
-13
783
-270
366
-646
-462
-275
122
130
355
433
-498
-110
256
-223
523
-841
384
916
801
-52
432
112
-799
522
-105
300
181
377
-876
-388
222
742
926
454
116
-362
734
433
274
-611
-204
511
-90
-77
881
844
-255
-218
159
-279
319
-614
827
317
15
-523
-768
-854
764
-244
-76
-863
-430
235
896
-745
207
262
-245
-527
-930
-329
-249
-601
975
-39
416
67
65
562
-759
-357
708
333
-147
959
50
311
-349
6
-353
225
984
198
686
102
-938
640
885
-241
-732
-862
924
-809
710
756
930
168
-579
552
405
-816
-549
823
826
-93
-648
-837
-574
-770
717
930
-275
763
928
426
197
-691
-237
50
-704
-334
-5
-705
-928
-125
818
-163
755
-65
-865
-429
102
836
18
-177
-334
-370
-288
-703
-821
186
635
818
238
765
-779
-807
-117
191
-58
-205
-248
227
-127
-774
319
162
-838
983
366
-602
967
399
996
-21
-381
-363
177
809
109
-965
7
-47
655
-579
-760
-610
-145
-47
820
-345
350
-337
-863
-87
327
31
-406
-980
258
-429
-729
-715
-799
-462
-66
407
-347
141
-328
-131
-293
525
473
-100
-553
221
-834
353
64
695
322
-423
-166
336
217
-870
203
957
-576
-787
-561
-169
-124
-342
-831
-201
-808
-831
171
884
-813
349
-653
-289
221
-350
940
-564
109
516
-189
756
-363
240
237
688
74
-860
-724
-75
-843
-631
987
945
-269
932
160
499
-464
23
-204
-962
-85
295
117
-150
833
148
-182
131
116
135
-109
618
534
491
-690
-393
-226
657
141
-685
-144
-176
370
-59
394
-946
769
-208
61
-291
-484
672
-848
184
538
-285
-896
-554
547
-290
-853
-195
-783
716
-659
995
616
563
333
595
-575
-814
-655
196
903
-915
-470
-238
879
-406
-105
-681
215
-627
828
319
-251
-649
-952
3
71
383
126
768
-645
-35
-681
-755
-805
-306
-460
0
-292
75
888
-125
224
495
57
-868
187
932
-450
-162
-268
132
-68
-407
-822
934
651
-330
-558
816
-662
-324
601
-992
431
-236
502
464
-897
-46
-849
404
-612
116
426
-468
-134
-813
-584
307
59
6
679
958
587
-932
712
-395
130
-269
689
628
701
-371
497
-460
-344
-695
-239
-625
-266
-67
-638
-486
-936
964
-297
-995
-449
875
301
427
689
-953
-340
-1
-254
-903
409
371
774
-246
-128
660
-561
-151
-340
77
56
163
-91
-86
910
-716
-574
179
-171
-797
406
-759
474
-445
641
-615
-635
-57
197
328
303
-213
-315
771
841
-181
-779
-761
-182
45
356
401
-529
508
-674
955
216
-209
925
530
-873
298
