236
-280
347
764
-871
-203
-436
-963
-855
477
-486
-885
-235
246
-804
874
224
770
792
359
-667
-76
829
-983
-507
-999
112
693
925
415
-565
181
-742
-501
-406
-645
469
-388
383
-943
545
-112
701
-130
-321
129
-806
384
502
672
-631
-239
752
837
-803
-704
733
-485
838
441
-210
868
343
971
-369
-624
202
315
302
811
942
-62
362
267
-524
326
366
-482
-998
662
-24
-679
831
-870
259
-599
-942
-321
-445
624
-98
-272
372
-408
-576
-241
-597
-639
-703
733
-71
-700
-944
350
907
248
782
-617
-634
-113
-333
-153
108
-670
-54
-503
-498
-528
-362
-940
537
-181
-446
-237
-439
-722
995
-885
867
-727
449
-192
839
18
-960
-771
-109
738
-30
-774
635
506
-263
981
419
500
-253
972
-517
-25
409
-241
-516
554
-934
126
-699
448
-768
149
-291
-409
669
351
219
109
559
183
-60
-36
-77
992
708
-693
-214
-58
257
-202
589
-485
-356
-215
-994
-582
425
-968
-704
-985
-488
-72
-266
949
394
-626
951
763
-336
685
-268
-53
-206
558
960
-265
40
289
-699
618
582
-776
631
-877
891
-161
-46
-436
-735
-439
885
750
438
508
693
-427
483
25
-589
-421
231
660
-650
222
603
-399
-315
-885
376
-161
868
-81
-184
11
-466
-641
106
0
-998
-329
334
313
-848
639
-786
457
-806
-97
-259
67
902
728
66
-996
778
195
-540
281
-615
507
270
151
475
715
-453
482
959
694
817
585
-628
159
649
348
1
399
-759
585
-943
-724
-840
748
-568
698
159
240
-778
-682
-925
499
819
763
-683
-811
391
-409
603
-704
-982
-622
737
719
-976
-289
529
-448
498
173
-835
731
-704
863
108
614
900
-179
-414
984
328
352
-475
-998
852
-194
-433
-646
-313
788
172
-790
-406
286
411
980
527
-233
288
502
379
130
696
-943
747
305
-33
-233
-85
-832
499
-815
-961
904
724
-686
799
-10
-659
710
-487
831
370
-731
562
66
115
427
-182
166
128
436
-632
684
-107
-793
-163
162
82
-182
-101
912
-354
327
385
628
-27
450
-411
-560
701
151
-104
586
-59
11
629
-176
-364
-768
-399
-35
-578
535
-997
-339
-809
-984
537
993
-130
226
-625
-138
-74
147
758
-874
275
-474
233
-636
-587
577
-740
-290
-740
-941
-446
231
527
-332
411
910
-939
6
873
-955
-273
123
-892
185
-280
-838
-227
345
772
-785
706
-979
17
878
208
914
657
591
-952
876
-928
722
-827
374
-501
517
-985
-872
-899
724
-932
740
404
555
265
920
842
-723
614
-346
-893
-142
562
683
986
24
107
214
-465
649
-146
-176
-653
-920
-84
233
-82
260
-379
-446
-253
-346
-398
162
582
-501
423
145
14
-683
-27
-544
-307
-240
312
-73
321
622
157
156
-661
635
577
35
-21
534
299
797
464
-606
-912
513
-412
-679
102
4
33
671
173
-120
704
294
12
-189
-436
-833
-417
-940
-389
361
848
-639
151
-312
466
482
373
533
-24
239
19
-214
257
-373
-345
-321
85
432
551
-475
119
-657
144
-381
-14
-178
883
-126
-810
155
-352
-466
-448
957
-495
575
867
946
439
-889
105
373
745
360
769
-603
-939
518
210
-925
-635
-62
639
517
367
832
-752
-620
-748
-638
968
-711
-790
-979
-830
-934
929
687
130
320
-173
-981
515
-618
-34
362
23
-835
4
-475
960
295
-143
120
-273
913
645
-928
50
603
-447
836
-771
-112
50
691
140
-905
-339
-718
976
690
-245
205
656
506
-294
545
890
-17
158
66
-929
-287
-574
146
473
-60
-141
-371
157
446
-584
-112
223
150
-52
-954
-745
-629
-674
839
339
664
-967
-556
653
-463
431
-979
-745
-443
934
-587
-650
-458
164
249
875
-305
536
425
366
733
-549
-859
473
25
61
-914
-396
535
49
406
-635
276
-822
-75
-988
-231
-236
224
-372
927
214
-977
567
200
-961
-47
384
-651
-157
-441
-578
418
-672
-667
574
-773
-200
19
325
408
159
-90
-999
576
74
-149
-521
-434
511
-804
-49
83
394
-384
667
-341
-494
-502
719
-662
80
-872
484
-555
888
495
993
226
-626
965
609
999
475
857
441
863
611
606
-33
-891
-555
884
714
-519
-527
-590
538
64
-633
325
438
-86
-721
-252
-607
-117
-498
53
340
-240
987
-594
-10
725
73
-32
-289
-825
182
952
-570
849
310
870
767
-111
473
-229
-597
-608
580
193
360
-206
-63
408
67
-173
-897
702
-942
460
-290
177
-261
648
501
743
417
-151
905
150
-378
-862
-282
-642
-593
849
-459
339
-754
407
303
-403
-109
-650
629
-123
152
-17
-321
-233
537
-415
-574
104
-229
-755
-352
-11
280
-920
775
-947
266
105
825
638
429
990
445
1
-582
427
293
-165
-220
-802
392
252
-13
-565
-412
916
-615
-161
41
493
94
-455
-656
-758
893
627
950
798
810
780
-369
167
-447
-782
-845
57
655
-832
125
-434
620
908
376
-347
485
514
-235
-471
601
-903
-705
76
-241
538
-163
-931
890
-120
-637
860
430
-402
716
905
159
342
557
-217
-973
594
947
274
-442
-479
392
70
-410
-668
754
-798
-947
-517
844
-962
624
-840
1
494
225
226
151
-614
-31
-844
-73
550
431
666
832
-155
435
-104
795
632
-282
-333
184
584
69
434
581
-54
583
-363
